CLUSTER-0 {4982, 4899, 4819, 4597, 4544, 4537, 4491, 4452, 4330, 4269, 4254, 4246, 4152, 4147, 3924, 3727, 3469, 3361, 3305, 3266, 3253, 3156, 3072, 3009, 2937, 2844, 2805, 2734, 2659, 2548, 2521, 2502, 2492, 2159, 2109, 2013, 1843, 1778, 1727, 1450, 1296, 1102, 765, 660, 587, 509, 179, 178, 96, 48, 28,  }
CLUSTER-1 {4772, 4724, 4472, 4403, 4341, 4338, 4160, 4076, 3827, 3817, 3761, 3674, 3518, 3352, 3310, 3176, 3122, 2525, 2523, 2453, 2161, 2072, 1858, 1834, 1627, 1607, 1473, 1360, 1195, 1181, 1140, 1055, 1048, 1001, 879, 792, 741, 651, 481, 435, 401, 334, 39,  }
CLUSTER-2 {4955, 4625, 4553, 4492, 4223, 4097, 3967, 3347, 3045, 2890, 2690, 2625, 2411, 2366, 2277, 2275, 2213, 2123, 2096, 1996, 1924, 1751, 1274, 1013, 939, 647, 620, 618, 585, 507, 118, 72,  }
CLUSTER-3 {4895, 4874, 4810, 4417, 4363, 4306, 4121, 3722, 3703, 3407, 3091, 2816, 2694, 2618, 2617, 2362, 2174, 2172, 2042, 1876, 1837, 1485, 1273, 670, 396, 280, 230, 83,  }
CLUSTER-4 {4969, 4957, 4956, 4901, 4858, 4839, 4792, 4768, 4760, 4720, 4661, 4618, 4580, 4552, 4523, 4471, 4394, 4348, 4240, 4133, 4013, 3966, 3873, 3837, 3834, 3796, 3763, 3748, 3739, 3717, 3670, 3494, 3483, 3326, 3237, 3205, 3178, 3144, 3109, 3058, 2923, 2879, 2847, 2801, 2791, 2745, 2730, 2695, 2648, 2589, 2579, 2547, 2543, 2533, 2515, 2488, 2432, 2397, 2323, 2307, 2300, 2296, 2281, 2237, 2178, 2163, 2153, 2060, 1940, 1939, 1937, 1835, 1791, 1734, 1711, 1619, 1569, 1551, 1499, 1477, 1418, 1392, 1379, 1333, 1329, 1286, 1240, 1141, 1083, 1057, 1041, 961, 895, 888, 887, 851, 761, 658, 656, 631, 567, 522, 510, 480, 463, 426, 384, 352, 276, 253, 218, 37, 23, 21, 2,  }
CLUSTER-5 {4989, 4984, 4972, 4735, 4639, 4527, 4504, 4282, 4169, 4155, 3510, 3502, 3260, 3223, 3012, 2983, 2910, 2902, 2870, 2704, 2614, 2241, 2167, 1957, 1796, 1758, 1602, 1279, 1216, 1132, 1093, 1051, 807, 742, 734, 261, 243, 205,  }
CLUSTER-6 {4853, 4840, 4663, 4646, 4505, 4449, 4421, 4296, 4196, 4059, 4010, 3928, 3925, 3733, 3712, 3694, 3417, 3094, 3078, 2913, 2784, 2459, 2402, 2311, 2226, 2211, 2186, 2126, 1490, 1470, 1456, 1388, 1386, 1283, 1120, 929, 861, 257, 222, 15,  }
CLUSTER-7 {4978, 4881, 4865, 4747, 4728, 4717, 4476, 4474, 4450, 4360, 4001, 3975, 3948, 3766, 3664, 3637, 3566, 3486, 3372, 3251, 3195, 3085, 2982, 2935, 2878, 2851, 2576, 2544, 2520, 2510, 2179, 2086, 2055, 1861, 1817, 1682, 1620, 1553, 1534, 1483, 1389, 1252, 1061, 998, 984, 963, 942, 908, 859, 849, 781, 710, 676, 642, 333, 174, 75, 8,  }
CLUSTER-8 {4958, 4837, 4721, 4630, 4588, 4577, 4568, 4536, 4401, 4367, 4325, 4308, 4267, 4256, 4236, 4198, 4187, 4158, 3957, 3844, 3797, 3772, 3771, 3682, 3657, 3511, 3462, 3400, 3157, 3118, 2953, 2940, 2927, 2895, 2885, 2753, 2317, 2294, 2236, 2173, 2085, 2066, 2017, 1967, 1962, 1768, 1478, 1443, 1425, 1350, 1302, 1264, 1135, 1066, 990, 744, 686, 608, 517, 464, 449, 165, 153, 116,  }
CLUSTER-9 {4931, 4927, 4924, 4918, 4902, 4875, 4761, 4715, 4549, 4484, 4318, 4217, 3867, 3734, 3487, 3215, 3103, 3046, 3018, 2916, 2914, 2815, 2723, 2719, 2623, 2621, 2613, 2561, 2381, 2291, 1993, 1621, 1542, 1284, 1062, 775, 702, 689, 613, 350, 347, 206, 204, 113,  }
CLUSTER-10 {4992, 4701, 4479, 4252, 4237, 4215, 4021, 3842, 3650, 3537, 3224, 3073, 2907, 2759, 2744, 2393, 2156, 2012, 2010, 1629, 1482, 1377, 1331, 1023, 770, 653, 570, 61,  }
CLUSTER-11 {4996, 4770, 4692, 4664, 4475, 4443, 4361, 4355, 4289, 3971, 3930, 3770, 3638, 3601, 3599, 3501, 3284, 3232, 2898, 2892, 2761, 2577, 2463, 2427, 2354, 2274, 2249, 2034, 2032, 2011, 2002, 1929, 1707, 1664, 1622, 1465, 1369, 1328, 1318, 1282, 1131, 1101, 952, 813, 740, 556, 525, 438, 372, 363, 237, 172,  }
CLUSTER-12 {4867, 4607, 4525, 4378, 4122, 3936, 3905, 3718, 3573, 3543, 3319, 3100, 3047, 3020, 2900, 2852, 2692, 2504, 2493, 2424, 2386, 2218, 2203, 1559, 1375, 1365, 1276, 1205, 1154, 776, 576, 564, 475, 139, 136, 87, 80,  }
CLUSTER-13 {4785, 4464, 4446, 4390, 4332, 4242, 3940, 3929, 3854, 3806, 3571, 3428, 3104, 2693, 2567, 2505, 2099, 1935, 1737, 1527, 1382, 1378, 1258, 1153, 1127, 1105, 1028, 1004, 839, 758, 665, 664, 649, 639, 636, 611, 515, 376, 351, 311, 290, 163, 71,  }
CLUSTER-14 {4976, 4954, 4928, 4755, 4694, 4693, 4595, 4547, 4493, 4490, 4405, 4344, 4333, 4280, 4243, 4134, 4107, 4091, 3977, 3926, 3736, 3721, 3616, 3575, 3314, 3304, 3292, 3288, 3280, 3243, 3222, 3172, 3146, 3021, 2960, 2934, 2888, 2883, 2811, 2794, 2783, 2777, 2768, 2712, 2682, 2644, 2620, 2605, 2535, 2471, 2458, 2351, 2337, 2171, 2120, 2082, 2067, 2027, 2005, 1966, 1941, 1883, 1839, 1812, 1738, 1685, 1683, 1647, 1564, 1536, 1528, 1491, 1394, 1198, 1098, 1045, 1018, 1009, 971, 924, 802, 799, 540, 535, 514, 499, 309, 259, 210, 185, 155, 120, 44, 33,  }
CLUSTER-15 {4716, 4533, 4445, 4312, 4211, 3608, 3569, 3529, 3499, 3476, 3409, 3318, 3180, 3113, 2997, 2949, 2596, 2549, 2451, 2413, 2304, 2251, 2148, 2130, 2088, 2068, 1905, 1863, 1754, 1634, 1598, 1561, 1516, 1397, 1357, 1310, 1148, 1068, 1035, 867, 674, 561, 486, 336, 260, 231, 63, 36,  }
CLUSTER-16 {4846, 4781, 4616, 4467, 4113, 4034, 3949, 3807, 3749, 3704, 3617, 3595, 3506, 3498, 3492, 3330, 3196, 3165, 3079, 2909, 2809, 2754, 2660, 2612, 2599, 2461, 2083, 1998, 1722, 1693, 1645, 1565, 1451, 1442, 1417, 1381, 1355, 1320, 1244, 906, 875, 783, 703, 663, 605, 177,  }
CLUSTER-17 {4945, 4834, 4458, 4441, 4426, 4424, 4065, 4031, 3987, 3961, 3883, 3787, 3448, 3255, 3185, 3055, 3028, 3017, 2918, 2864, 2721, 2358, 2343, 2062, 1990, 1963, 1846, 1813, 1694, 1651, 1497, 1459, 1058, 985, 871, 669, 659, 353,  }
CLUSTER-18 {4988, 4944, 4897, 4685, 4526, 4222, 4103, 4067, 2950, 2928, 2713, 2604, 2546, 2433, 2369, 1895, 1845, 1225, 1175, 1136, 1074, 1033, 968, 559, 414, 327, 298,  }
CLUSTER-19 {4141, 3053, 2988, 2760, 2191, 2177, 1968, 1931, 1902, 1308, 533, 78,  }
CLUSTER-20 {4995, 4935, 4619, 4529, 4180, 4150, 3981, 3980, 3819, 3579, 3351, 3158, 3135, 3128, 3089, 2967, 2952, 2908, 2725, 2670, 2555, 2409, 2263, 2231, 2065, 1987, 1959, 1930, 1857, 1790, 1633, 1596, 1578, 1524, 1476, 1471, 1385, 1297, 1191, 1119, 632, 544, 539, 497, 424, 274, 239, 84, 19, 10,  }
CLUSTER-21 {4829, 4637, 3378, 3228, 2976, 1301, 223,  }
CLUSTER-22 {4804, 4757, 4688, 4481, 3904, 3893, 3875, 3860, 3849, 3848, 3828, 3634, 3500, 3473, 3307, 3263, 3114, 3036, 2880, 2524, 2489, 2457, 2136, 2050, 1969, 1951, 1911, 1904, 1893, 1878, 1872, 1868, 1679, 1637, 1626, 1498, 1448, 1265, 1069, 1024, 944, 860, 789, 757, 534, 508, 436, 430, 388, 310,  }
CLUSTER-23 {4939, 4883, 4856, 4836, 4794, 4780, 4320, 4142, 3709, 3695, 3683, 3532, 3399, 3211, 2715, 2663, 2469, 2324, 2038, 1797, 1670, 1612, 1196, 1190, 1124, 1116, 953, 816, 399, 391, 213, 184,  }
CLUSTER-24 {4990, 4871, 4802, 4758, 4654, 4572, 4362, 4356, 4284, 4283, 4207, 4055, 3985, 3964, 3825, 3773, 3698, 3661, 3644, 3497, 3203, 3164, 3065, 3032, 2762, 2601, 2564, 2376, 1975, 1638, 1523, 1506, 1248, 989, 890, 872, 709, 598, 462, 459, 322, 303,  }
CLUSTER-25 {4997, 4963, 4904, 4860, 4812, 4800, 4784, 4767, 4710, 4698, 4662, 4550, 4543, 4519, 4468, 4349, 4304, 4297, 4292, 4093, 4090, 4057, 4046, 4002, 3853, 3574, 3560, 3551, 3545, 3488, 3479, 3434, 3360, 3342, 3320, 3296, 3273, 3213, 3201, 3048, 3027, 2971, 2835, 2802, 2799, 2655, 2647, 2593, 2585, 2580, 2551, 2513, 2497, 2466, 2442, 2421, 2118, 2114, 2089, 2059, 1989, 1922, 1897, 1886, 1824, 1808, 1786, 1723, 1716, 1712, 1689, 1641, 1468, 1453, 1362, 1303, 1255, 1245, 1238, 1209, 1082, 1075, 1052, 920, 873, 848, 837, 823, 638, 597, 563, 488, 467, 345, 342, 328, 266, 224, 102, 42,  }
CLUSTER-26 {4987, 4885, 4879, 4690, 4626, 4592, 4509, 4350, 4075, 4071, 4056, 4025, 3691, 3679, 3541, 3465, 3435, 3259, 3254, 3133, 3038, 3025, 3008, 2829, 2814, 2757, 2484, 2422, 2182, 2024, 1454, 1415, 1281, 1199, 1088, 1000, 996, 936, 827, 822, 767, 760, 699, 630, 250, 180, 66,  }
CLUSTER-27 {4889, 4736, 4660, 4602, 4429, 4366, 4271, 4260, 4185, 3986, 3978, 3918, 2796, 2746, 2374, 2223, 1756, 1335, 1228, 1112, 1025, 377, 340, 148,  }
CLUSTER-28 {4820, 4769, 4712, 4674, 4565, 4520, 4465, 4448, 4427, 4299, 4099, 4060, 3970, 3933, 3898, 3809, 3765, 3654, 3632, 3449, 3419, 3343, 3306, 3303, 3140, 2685, 2500, 2269, 2266, 2222, 2131, 2098, 1995, 1952, 1535, 1247, 1224, 1159, 876, 857, 727, 662, 566, 62,  }
CLUSTER-29 {4967, 4932, 4826, 4764, 4718, 4635, 4557, 4532, 4233, 4176, 3811, 3777, 3653, 3649, 3453, 3404, 3354, 3186, 3029, 2642, 2602, 2150, 2053, 2007, 1613, 1593, 1575, 1461, 1354, 1150, 717, 671, 442, 433, 158, 86, 34,  }
CLUSTER-30 {4708, 4700, 4555, 4457, 4383, 3991, 3956, 3862, 3859, 3780, 3710, 3597, 3585, 3583, 3270, 3147, 3098, 3037, 2871, 2792, 2751, 2678, 2664, 2558, 2498, 2443, 2316, 2234, 2054, 2045, 1983, 1918, 1891, 1838, 1799, 1725, 1658, 1562, 1452, 1447, 1348, 1095, 1044, 900, 705, 701, 688, 482, 476, 302, 267, 234, 194, 127, 125, 45, 22,  }
CLUSTER-31 {4803, 4801, 4762, 4566, 4528, 4511, 4503, 4418, 4277, 4225, 4205, 4182, 3530, 3412, 3325, 3322, 3132, 3119, 2933, 2881, 2821, 2786, 2732, 2643, 2460, 2344, 2192, 2184, 2176, 2104, 2047, 1910, 1854, 1740, 1698, 1617, 1481, 1334, 1288, 1280, 1221, 1202, 1143, 1133, 1122, 1073, 855, 817, 801, 784, 715, 425, 370, 321, 144, 4,  }
CLUSTER-32 {4971, 4890, 4530, 4388, 4294, 4173, 4073, 3591, 3364, 2640, 2630, 2532, 2507, 2450, 2314, 2284, 2239, 2144, 2128, 1964, 1747, 1729, 1632, 1539, 1235, 1188, 865, 804, 793, 732, 700, 684, 615, 590, 555, 460, 390, 11,  }
CLUSTER-33 {4947, 4926, 4864, 4827, 4740, 4657, 4652, 4534, 4510, 4489, 4379, 4371, 4342, 4264, 4195, 4188, 4183, 4140, 4110, 4095, 4024, 3914, 3892, 3762, 3745, 3700, 3686, 3673, 3665, 3648, 3640, 3514, 3504, 3467, 3374, 3365, 3308, 3272, 3271, 3252, 3247, 3242, 3230, 3216, 3206, 3117, 3061, 3039, 3024, 2999, 2994, 2992, 2968, 2946, 2897, 2848, 2750, 2684, 2517, 2495, 2477, 2420, 2404, 2335, 2286, 2209, 2188, 2019, 1956, 1916, 1880, 1831, 1826, 1759, 1745, 1743, 1668, 1650, 1605, 1583, 1577, 1530, 1501, 1489, 1446, 1437, 1364, 1126, 1087, 1086, 1020, 954, 945, 911, 852, 820, 787, 704, 578, 552, 537, 454, 446, 441, 420, 408, 369, 357, 262, 200, 191, 151, 114, 76, 9,  }
CLUSTER-34 {4950, 4910, 4878, 4869, 4845, 4833, 4832, 4799, 4778, 4766, 4754, 4737, 4713, 4705, 4696, 4656, 4632, 4624, 4623, 4617, 4584, 4535, 4531, 4522, 4453, 4434, 4374, 4329, 4295, 4255, 4235, 4229, 4221, 4203, 4199, 4193, 4163, 4109, 4101, 4084, 4032, 4007, 4006, 4005, 3959, 3942, 3941, 3895, 3882, 3876, 3874, 3868, 3864, 3857, 3823, 3822, 3804, 3784, 3776, 3747, 3741, 3737, 3729, 3688, 3687, 3681, 3678, 3669, 3635, 3630, 3627, 3622, 3614, 3592, 3568, 3539, 3520, 3503, 3490, 3451, 3432, 3416, 3414, 3403, 3373, 3334, 3300, 3283, 3240, 3227, 3209, 3174, 3173, 3150, 3139, 3131, 3130, 3124, 3084, 3059, 3054, 2998, 2961, 2959, 2941, 2932, 2906, 2903, 2889, 2884, 2868, 2850, 2842, 2827, 2813, 2810, 2772, 2755, 2752, 2742, 2735, 2722, 2672, 2615, 2595, 2586, 2574, 2568, 2557, 2556, 2539, 2534, 2528, 2518, 2503, 2473, 2449, 2430, 2415, 2406, 2399, 2385, 2383, 2367, 2357, 2353, 2346, 2340, 2322, 2309, 2250, 2147, 2127, 2107, 2105, 2084, 2075, 2073, 2069, 2020, 2015, 2014, 2008, 1992, 1972, 1971, 1953, 1943, 1934, 1908, 1869, 1842, 1836, 1832, 1816, 1732, 1721, 1718, 1584, 1572, 1566, 1532, 1500, 1486, 1484, 1479, 1475, 1466, 1436, 1401, 1396, 1384, 1376, 1371, 1370, 1352, 1351, 1345, 1338, 1337, 1332, 1325, 1323, 1321, 1277, 1262, 1250, 1249, 1232, 1222, 1210, 1206, 1171, 1169, 1144, 1137, 1113, 1085, 1049, 1029, 1006, 966, 927, 905, 825, 774, 769, 764, 762, 731, 724, 707, 696, 666, 628, 581, 572, 569, 562, 560, 543, 526, 521, 513, 496, 477, 434, 431, 422, 421, 412, 378, 344, 331, 325, 314, 305, 304, 293, 281, 277, 273, 270, 254, 247, 187, 186, 159, 149, 109, 95, 94, 47,  }
CLUSTER-35 {4999, 4970, 4704, 4678, 4601, 4600, 4563, 4562, 4340, 4161, 4117, 4106, 3456, 3388, 3346, 3244, 3042, 2661, 2575, 2490, 2486, 2485, 2429, 2348, 2225, 2217, 2194, 2155, 2139, 2046, 2003, 1903, 1735, 1636, 1558, 1220, 1128, 933, 730, 716, 692, 349, 137,  }
CLUSTER-36 {4993, 4782, 4590, 4542, 4331, 4177, 4143, 3953, 3751, 3692, 3647, 3281, 3225, 3112, 3041, 3000, 2978, 2958, 2705, 2701, 2679, 2656, 2499, 2479, 2462, 2355, 2201, 2170, 1915, 1809, 1798, 1618, 1429, 1404, 1327, 1309, 1236, 1091, 843, 546, 531, 398, 295, 269, 208,  }
CLUSTER-37 {4922, 4876, 4746, 4675, 4655, 4496, 4376, 4311, 4118, 4009, 3789, 3740, 3666, 3624, 3600, 3233, 3116, 2866, 2780, 2703, 2669, 2522, 2448, 2247, 2152, 1757, 1586, 1531, 1522, 1503, 1322, 1253, 1229, 1219, 1208, 1060, 1034, 930, 778, 577, 549, 291, 285, 173, 131,  }
CLUSTER-38 {4934, 4914, 4814, 4653, 4608, 4570, 4540, 4398, 4353, 4250, 4249, 4102, 3968, 3932, 3869, 3759, 2770, 2688, 2571, 2559, 2550, 2494, 2138, 2035, 1982, 1901, 1800, 1701, 1508, 1304, 1125, 1109, 1063, 745, 624, 485, 469, 453, 392, 313, 214, 171, 132,  }
CLUSTER-39 {4961, 4835, 4816, 4748, 4711, 4706, 4611, 4524, 4420, 4309, 4062, 3887, 3885, 3836, 3786, 3696, 3564, 3559, 3472, 3350, 3311, 3198, 3184, 3163, 3031, 2893, 2828, 2709, 2609, 2583, 2531, 2530, 1316, 1114, 1104, 957, 921, 633, 606, 512, 70,  }
CLUSTER-40 {4975, 4968, 4953, 4817, 4702, 4677, 4669, 4614, 4593, 4473, 4466, 4438, 4404, 4384, 4307, 4239, 4208, 3910, 3884, 3801, 3572, 3547, 3491, 3470, 3386, 3239, 3192, 3159, 3099, 3090, 3080, 3076, 2891, 2716, 2542, 2541, 2456, 2233, 2229, 2160, 2137, 2095, 1981, 1978, 1772, 1697, 1674, 1625, 1509, 1487, 1457, 1399, 1395, 1326, 1186, 1142, 1094, 1036, 1015, 907, 896, 771, 749, 714, 645, 619, 610, 129,  }
CLUSTER-41 {4994, 4743, 4368, 4287, 4259, 4126, 3962, 3901, 3865, 3561, 3556, 3474, 3382, 2942, 2919, 2767, 2728, 2706, 2650, 2619, 2434, 2356, 2140, 2121, 1948, 1821, 1805, 1600, 1594, 1592, 1469, 1402, 1315, 1260, 1059, 880, 821, 772, 754, 625, 600, 407, 337, 138, 134, 88, 13,  }
CLUSTER-42 {4873, 4485, 4439, 4430, 4302, 4257, 4248, 4216, 4213, 4209, 4200, 4125, 4061, 4003, 3945, 3938, 3888, 3846, 3826, 3815, 3743, 3621, 3554, 3549, 3515, 3376, 3344, 3327, 3207, 3134, 3092, 2905, 2729, 2631, 2628, 2624, 2436, 2389, 2338, 2295, 2271, 2116, 1960, 1856, 1829, 1681, 1655, 1648, 1603, 1512, 1480, 1449, 1439, 1363, 1340, 1324, 1306, 1298, 1215, 1173, 1167, 1162, 1084, 1031, 983, 964, 926, 824, 786, 529, 456, 175, 166, 122, 101, 50,  }
CLUSTER-43 {4925, 4908, 4828, 4673, 4667, 4638, 4613, 4569, 4538, 4389, 4345, 4327, 4310, 4231, 4184, 4166, 4129, 4048, 4047, 4008, 4000, 3963, 3870, 3814, 3756, 3671, 3643, 3535, 3452, 3402, 3393, 3380, 3321, 3248, 3217, 3023, 2748, 2673, 2536, 2487, 2483, 2315, 2308, 2228, 2154, 2149, 2134, 2124, 2093, 2037, 2018, 1853, 1823, 1713, 1643, 1635, 1533, 1529, 1410, 1409, 1390, 1077, 1056, 1039, 1007, 997, 950, 902, 826, 798, 614, 596, 579, 484, 368, 278, 221, 219, 181, 154,  }
CLUSTER-44 {4979, 4913, 4849, 4815, 4775, 4640, 4615, 4514, 4416, 4409, 4373, 4201, 4135, 4131, 4072, 4066, 3997, 3950, 3900, 3838, 3821, 3658, 3410, 3313, 3294, 3202, 3191, 3166, 3040, 2931, 2856, 2817, 2731, 2566, 2519, 2401, 2278, 2103, 2102, 2056, 2040, 1942, 1894, 1889, 1875, 1840, 1806, 1795, 1753, 1703, 1699, 1661, 1574, 1547, 1424, 1307, 1267, 1234, 1030, 850, 685, 644, 599, 591, 489, 452, 329, 308, 242, 168, 130, 121, 55, 46, 30,  }
CLUSTER-45 {4887, 4821, 4275, 4068, 4014, 3720, 3689, 3603, 3580, 3425, 3383, 3013, 2677, 2481, 2392, 2306, 2265, 2165, 2025, 1671, 1037, 1032, 1008, 763, 722, 679, 573, 511, 361, 358, 317,  }
CLUSTER-46 {4991, 4797, 4783, 4603, 4433, 4372, 4228, 4224, 3525, 3358, 3200, 3175, 2747, 2733, 2698, 2691, 2597, 2470, 2364, 2220, 2101, 1706, 1552, 1474, 1426, 1414, 1269, 1121, 815, 759, 737, 299, 282, 252, 25,  }
CLUSTER-47 {4966, 4825, 4813, 4808, 4744, 4703, 4629, 4609, 4551, 4477, 4454, 4410, 4399, 4334, 4192, 4181, 4164, 4145, 4132, 4096, 4083, 4050, 4017, 3909, 3800, 3707, 3659, 3626, 3602, 3527, 3445, 3415, 3340, 3324, 3229, 3187, 3167, 3152, 3149, 3107, 3083, 2979, 2899, 2876, 2875, 2845, 2798, 2773, 2771, 2758, 2726, 2667, 2629, 2475, 2408, 2373, 2371, 2303, 2238, 2204, 2180, 2151, 2049, 1925, 1923, 1919, 1775, 1763, 1741, 1709, 1695, 1665, 1652, 1599, 1585, 1549, 1540, 1505, 1407, 1347, 1341, 1336, 1251, 1223, 1203, 1200, 1166, 1129, 1047, 1014, 910, 841, 785, 748, 728, 711, 661, 582, 551, 402, 301, 300, 296, 287, 283, 226, 212, 160, 152, 142, 64, 29, 27,  }
CLUSTER-48 {4929, 4894, 4776, 4556, 4512, 4230, 4226, 4186, 4162, 3976, 3946, 3861, 3832, 3793, 3587, 3540, 3508, 3460, 3413, 3405, 3262, 3241, 3001, 2911, 2800, 2658, 2592, 2563, 2516, 2508, 2438, 2405, 2382, 2350, 2318, 2290, 2253, 2244, 2212, 2125, 1991, 1985, 1909, 1870, 1866, 1862, 1783, 1736, 1696, 1610, 1560, 1444, 1343, 1311, 1237, 1108, 1079, 1026, 1011, 973, 917, 916, 892, 725, 493, 492, 478, 466, 458, 448, 324, 217, 133,  }
CLUSTER-49 {4960, 4862, 4771, 4628, 4423, 4406, 4402, 4036, 3951, 3863, 3858, 3792, 3758, 3596, 3102, 2912, 2806, 2804, 2797, 2256, 2169, 1970, 1850, 1642, 1537, 1165, 978, 808, 755, 107, 52,  }
CLUSTER-50 {4604, 4594, 4501, 4478, 4303, 4274, 4273, 4039, 4037, 3939, 3764, 3684, 3645, 3505, 3484, 3431, 3392, 3341, 3290, 2989, 2699, 2554, 2545, 2480, 2380, 2058, 2028, 2023, 2006, 1979, 1974, 1769, 1765, 1541, 1305, 1259, 1067, 881, 863, 622, 504, 405, 371, 288, 225, 211, 100,  }
CLUSTER-51 {4974, 4863, 4795, 4745, 4370, 4172, 4120, 4100, 4029, 3816, 3646, 3218, 3110, 3067, 3049, 2944, 2894, 2740, 2573, 2426, 2327, 2285, 2036, 2016, 1961, 1687, 1611, 1580, 1314, 1275, 1187, 1050, 1040, 951, 940, 918, 450, 415, 409, 403, 373, 364, 56, 54, 5,  }
CLUSTER-52 {4756, 4651, 4591, 4414, 4352, 4314, 4300, 4234, 4202, 4137, 4069, 3894, 3839, 3782, 3714, 3480, 3437, 3261, 3189, 3154, 3087, 3070, 3062, 3006, 2917, 2687, 2675, 2633, 2627, 2608, 2496, 2379, 2325, 2197, 2078, 1827, 1556, 838, 548, 518, 506, 483, 465, 411, 366, 201, 140, 110, 57,  }
CLUSTER-53 {4807, 4620, 4407, 4322, 4272, 4088, 4019, 3725, 3723, 3496, 3395, 3291, 3246, 3082, 3044, 2962, 2873, 2781, 2665, 2606, 2594, 2570, 2425, 2414, 2378, 2219, 1965, 1926, 1604, 1344, 1278, 922, 870, 746, 691, 687, 536, 532, 346, 112, 77,  }
CLUSTER-54 {4896, 4809, 4482, 4396, 4049, 3899, 3160, 2267, 2026, 1906, 1606, 1464, 1176, 126,  }
CLUSTER-55 {4411, 3536, 3299, 3264, 2736, 2720, 1873, 1525, 1291, 695, 621, 601, 236, 189,  }
CLUSTER-56 {4933, 4852, 4727, 4695, 4606, 4375, 4321, 4263, 4112, 4085, 4064, 3988, 3982, 3972, 3922, 3803, 3755, 3752, 3662, 3629, 3594, 3533, 3521, 3426, 3424, 3423, 3275, 3057, 3050, 2991, 2846, 2838, 2812, 2686, 2652, 2588, 2467, 2417, 2391, 2347, 2331, 2321, 2001, 1828, 1815, 1761, 1628, 1623, 1507, 1380, 913, 901, 706, 554, 498, 473, 455, 440, 417, 397, 375, 279, 240, 141, 65,  }
CLUSTER-57 {5000, 4981, 4822, 4789, 4788, 4741, 4733, 4731, 4723, 4709, 4681, 4575, 4488, 4459, 4392, 4381, 4357, 4210, 4127, 4086, 4078, 3889, 3856, 3778, 3731, 3711, 3570, 3512, 3408, 3384, 3375, 3353, 3339, 3331, 3317, 3293, 3276, 3219, 3179, 3004, 2974, 2954, 2843, 2775, 2763, 2738, 2717, 2582, 2464, 2439, 2428, 2384, 2365, 2360, 2287, 2146, 2133, 2081, 1947, 1899, 1810, 1803, 1609, 1518, 1406, 1366, 977, 943, 914, 903, 886, 842, 809, 693, 306, 292, 251, 249, 183, 162, 143, 79,  }
CLUSTER-58 {4977, 4672, 4232, 4165, 3824, 3760, 3677, 3672, 3610, 3577, 3429, 2990, 2987, 2972, 2764, 2666, 2349, 1785, 1462, 1458, 1292, 1218, 1110, 791, 553, 479, 40,  }
CLUSTER-59 {4921, 4787, 4539, 4227, 4058, 3969, 3852, 3818, 3812, 3790, 3738, 3730, 3642, 3633, 3619, 3422, 3277, 3208, 3081, 3071, 3026, 2985, 2951, 2872, 2562, 2552, 2339, 2292, 2132, 1945, 1874, 1871, 1849, 1820, 1788, 1640, 1615, 1589, 1573, 1511, 1431, 1408, 1294, 1266, 1263, 1182, 1164, 1139, 1115, 1090, 1046, 1019, 1017, 840, 753, 694, 609, 495, 432, 209, 199, 147,  }
CLUSTER-60 {4920, 4854, 4559, 4326, 4245, 3944, 3757, 3716, 3606, 3481, 3298, 3269, 3168, 3155, 3136, 3111, 2943, 2926, 2869, 2727, 2702, 2646, 2572, 2264, 2119, 1750, 1544, 1358, 874, 853, 738, 617, 541, 530, 294, 289, 20,  }
CLUSTER-61 {4959, 4952, 4831, 4786, 4742, 4732, 4689, 4658, 4507, 4498, 4469, 4463, 4455, 4419, 4412, 4316, 4276, 4148, 4123, 4098, 4094, 3937, 3931, 3911, 3907, 3833, 3798, 3785, 3690, 3655, 3615, 3598, 3485, 3482, 3466, 3379, 3282, 3197, 3141, 3043, 3019, 2964, 2915, 2904, 2882, 2854, 2766, 2697, 2689, 2649, 2616, 2581, 2445, 2395, 2361, 2270, 2255, 2224, 2108, 2091, 1949, 1938, 1900, 1896, 1884, 1848, 1841, 1728, 1717, 1666, 1545, 1472, 1193, 1189, 1160, 1054, 894, 889, 866, 800, 788, 668, 603, 589, 575, 557, 307, 263, 228, 220, 164, 161, 124, 97,  }
CLUSTER-62 {4790, 4354, 4157, 4018, 4016, 3983, 3921, 3872, 3781, 3680, 3548, 3542, 3464, 3463, 3348, 3129, 2901, 2832, 2537, 2465, 2410, 2319, 2273, 2259, 2189, 2143, 2052, 2039, 1792, 1780, 1705, 1684, 1601, 1428, 1271, 1204, 935, 803, 766, 752, 547, 538, 169, 150, 24,  }
CLUSTER-63 {4734, 4521, 4486, 4278, 4044, 4038, 3973, 3920, 3851, 3735, 3651, 3507, 3459, 3446, 3387, 2956, 2803, 2743, 2412, 1495, 1168, 1092, 877, 528, 387, 318, 255, 227, 41,  }
CLUSTER-64 {4811, 4791, 4779, 4722, 4339, 4324, 4291, 4153, 4136, 4128, 3958, 3955, 3866, 3183, 2858, 2452, 2444, 2441, 2214, 2200, 1770, 1704, 1663, 1576, 937, 626, 468, 103, 93,  }
CLUSTER-65 {4951, 4752, 4739, 4650, 4644, 4598, 4516, 4494, 4447, 4364, 4347, 4346, 4319, 4285, 4279, 4265, 4168, 4154, 4124, 3993, 3908, 3896, 3879, 3799, 3719, 3618, 3604, 3442, 3440, 3390, 3257, 3199, 3153, 3068, 3033, 2995, 2970, 2896, 2859, 2700, 2696, 2476, 2419, 2388, 2299, 2288, 1921, 1702, 1608, 1595, 1504, 1494, 1467, 1441, 1432, 1361, 1312, 1246, 1197, 1080, 980, 965, 830, 796, 712, 673, 652, 646, 602, 568, 365, 323, 105, 59, 32, 14, 7,  }
CLUSTER-66 {4882, 4844, 4648, 4631, 4599, 4589, 4298, 4290, 4220, 3916, 3808, 3531, 3509, 3477, 3411, 3406, 3368, 3064, 2977, 2867, 2749, 2632, 2598, 2560, 2431, 2345, 1879, 1739, 1730, 1690, 1672, 1624, 1548, 1460, 1412, 1272, 1241, 1207, 1174, 1070, 899, 844, 635, 592, 571, 244, 98,  }
CLUSTER-67 {4964, 4892, 4872, 4765, 4729, 4670, 4515, 4495, 4382, 4238, 4139, 4035, 3984, 3841, 3750, 3701, 3663, 3660, 3558, 3538, 3418, 3355, 2920, 2839, 2819, 2512, 2394, 2329, 2305, 2262, 2087, 1997, 1898, 1860, 1847, 1807, 1724, 1675, 1581, 1445, 1300, 1212, 1161, 1100, 1081, 1071, 987, 962, 751, 708, 583, 286, 26, 18,  }
CLUSTER-68 {4980, 4923, 4911, 4842, 4806, 4753, 4714, 4682, 4649, 4518, 4483, 4456, 4400, 4391, 4033, 3880, 3835, 3774, 3639, 3636, 3612, 3584, 3534, 3524, 3519, 3231, 3127, 3126, 3101, 3007, 3005, 2955, 2948, 2877, 2818, 2724, 2681, 2569, 2501, 2447, 2370, 2330, 2326, 2302, 2221, 2187, 2175, 2141, 2071, 2057, 1976, 1973, 1892, 1784, 1782, 1692, 1653, 1588, 1422, 1421, 1254, 1242, 1185, 1178, 1146, 1043, 976, 934, 834, 832, 806, 790, 768, 750, 677, 641, 612, 505, 443, 404, 348, 235, 146, 117, 99, 85, 53, 35,  }
CLUSTER-69 {4824, 4798, 4567, 4541, 4497, 4444, 4386, 4258, 4149, 4105, 4027, 4023, 3996, 3995, 3934, 3831, 3805, 3779, 3586, 3363, 3267, 3235, 3125, 3123, 3121, 3108, 3077, 3069, 2924, 2874, 2841, 2790, 2788, 2774, 2680, 2590, 2584, 2491, 2468, 2437, 2359, 2190, 2077, 2021, 1986, 1811, 1748, 1680, 1521, 1519, 1514, 1493, 1391, 1268, 1226, 1213, 1180, 1145, 1106, 982, 884, 773, 743, 720, 718, 698, 683, 445, 419, 343, 297, 233, 203, 167, 51,  }
CLUSTER-70 {4946, 4936, 4851, 4665, 4561, 4437, 4397, 3915, 3742, 3396, 3274, 3148, 3060, 2980, 2795, 2741, 2268, 2240, 2061, 1932, 1920, 1890, 1776, 1764, 1644, 1546, 1502, 1455, 1346, 941, 747, 258, 198, 156, 91, 58,  }
CLUSTER-71 {4973, 4930, 4848, 4777, 4774, 4738, 4560, 4502, 4442, 4387, 4359, 4194, 4051, 3886, 3877, 3706, 3631, 3620, 3576, 3455, 3439, 3338, 3315, 3302, 3171, 3120, 3052, 2981, 2785, 2776, 2651, 2511, 2293, 1958, 1771, 1691, 1673, 1571, 1550, 1492, 1427, 1367, 1342, 1172, 523, 360, 246, 135,  }
CLUSTER-72 {4986, 4680, 4634, 4627, 4579, 4074, 4026, 3954, 3952, 3676, 3675, 3458, 3301, 2957, 2782, 2765, 2474, 2227, 2207, 2076, 1818, 1440, 1243, 986, 958, 949, 756, 519, 491, 268,  }
CLUSTER-73 {4641, 4581, 4554, 4461, 4415, 4365, 4293, 4191, 3923, 3919, 3820, 3588, 3389, 2969, 2963, 2243, 2162, 1954, 1662, 1038, 1005, 675, 593, 416, 192, 182,  }
CLUSTER-74 {4900, 4861, 4796, 4081, 4077, 3589, 3522, 3454, 3367, 3366, 3022, 2986, 2921, 2840, 2825, 2396, 2245, 2094, 2063, 1616, 1582, 1313, 1163, 1099, 1097, 846, 43,  }
CLUSTER-75 {4949, 4855, 4687, 4647, 4576, 3965, 3903, 3526, 3478, 3441, 3249, 3214, 3212, 2861, 2333, 2205, 2158, 2142, 2129, 1882, 1859, 1804, 1654, 1591, 1587, 1570, 1319, 1134, 1118, 1042, 948, 847, 812, 811, 777, 474, 265, 241, 232, 92, 74, 49,  }
CLUSTER-76 {4965, 4915, 4487, 4428, 4385, 4317, 4288, 3999, 3493, 3245, 3151, 3142, 3075, 2787, 2779, 2610, 2482, 2418, 2168, 2111, 1946, 1731, 1667, 1614, 1214, 1179, 893, 719, 386, 341, 264, 248, 123,  }
CLUSTER-77 { }
CLUSTER-78 {4891, 4679, 4622, 4337, 4328, 4301, 4253, 4111, 4104, 3581, 3444, 3420, 3096, 2966, 2833, 2301, 2232, 2206, 2064, 1867, 1639, 1064, 992, 979, 782, 607, 516, 457, 385, 383, 196, 157, 31,  }
CLUSTER-79 {4937, 4919, 4877, 4841, 4500, 4408, 4115, 3829, 3221, 3011, 2929, 2737, 2674, 2641, 2423, 2166, 1984, 1914, 1913, 1907, 1416, 1317, 1194, 1103, 1089, 999, 993, 955, 925, 904, 885, 862, 845, 729, 82, 67, 1,  }
CLUSTER-80 {4917, 4916, 4725, 4683, 4676, 4586, 4546, 4506, 4431, 4281, 4174, 4116, 4053, 4030, 3917, 3902, 3871, 3840, 3795, 3715, 3613, 3555, 3443, 3427, 3381, 3369, 3345, 3337, 3336, 3236, 3106, 3095, 3063, 3051, 3016, 2993, 2831, 2657, 2637, 2611, 2352, 2334, 2320, 2280, 2257, 2252, 2242, 2164, 2145, 2100, 1950, 1927, 1887, 1760, 1677, 1649, 1597, 1513, 1496, 1435, 1423, 1413, 1201, 1192, 1157, 928, 923, 854, 810, 794, 643, 634, 565, 550, 451, 444, 423, 410, 389, 316, 312, 238, 193, 108, 81, 12, 6,  }
CLUSTER-81 {4912, 4893, 4857, 4144, 3947, 3726, 3652, 3557, 3528, 3332, 3297, 2922, 2718, 2639, 2638, 2565, 2529, 2454, 2363, 2261, 2210, 2208, 2048, 2000, 1877, 1686, 1261, 1156, 1155, 1003, 919, 828, 818, 713, 413, 380,  }
CLUSTER-82 {4998, 4805, 4759, 4610, 4605, 4587, 4451, 4413, 4395, 4377, 4336, 4315, 4197, 4179, 4170, 4167, 4063, 3979, 3891, 3810, 3802, 3705, 3656, 3607, 3593, 3565, 3495, 3421, 3385, 3258, 3256, 3210, 3194, 3138, 3014, 3010, 2939, 2857, 2855, 2668, 2514, 2377, 2298, 2289, 2181, 2113, 2112, 2106, 2043, 1994, 1825, 1822, 1749, 1708, 1646, 1579, 1563, 1517, 1463, 1359, 1107, 1065, 991, 960, 959, 947, 690, 672, 586, 461, 427, 229, 115, 16,  }
CLUSTER-83 {4480, 4393, 4028, 3881, 3791, 3641, 3220, 3097, 2860, 2711, 2635, 1543, 1538, 868, 678,  }
CLUSTER-84 {4985, 4691, 4247, 3998, 3989, 3906, 3628, 3563, 3438, 3287, 3086, 2936, 2820, 2654, 2527, 2398, 2387, 2372, 2157, 2004, 1881, 1794, 1746, 1678, 1555, 1230, 1147, 1117, 545, 520, 502, 501, 500, 400, 320, 256, 197, 188,  }
CLUSTER-85 {4983, 4621, 4578, 4545, 4508, 4460, 4369, 4335, 4189, 4092, 3767, 3668, 3623, 3567, 3550, 3356, 3295, 3268, 3193, 2996, 2930, 2886, 2849, 2653, 2587, 2312, 2258, 2110, 2031, 1988, 1752, 1557, 1233, 1184, 1027, 981, 975, 912, 869, 856, 836, 594, 542, 359, 354, 215, 38, 3,  }
CLUSTER-86 {4940, 4909, 4823, 4750, 4749, 4642, 4558, 4435, 4156, 4130, 4022, 4020, 3845, 3813, 3329, 3105, 2938, 2863, 2807, 2789, 2578, 2538, 2328, 2310, 2272, 2097, 2070, 2030, 2029, 1955, 1864, 1855, 1781, 1590, 1567, 1400, 1257, 1231, 1123, 1022, 967, 946, 915, 909, 795, 650, 648, 640, 616, 595, 330, 284, 119,  }
CLUSTER-87 {4880, 4763, 4671, 4643, 4585, 4573, 4564, 4470, 4436, 4178, 3943, 3935, 3897, 3783, 3744, 3713, 3544, 3475, 3436, 3349, 3285, 3226, 3162, 3030, 3002, 2824, 2662, 2622, 2607, 2591, 2390, 2336, 2283, 2090, 2079, 2051, 2041, 1865, 1755, 1733, 1657, 1554, 1387, 1290, 1177, 1138, 1130, 779, 733, 654, 574, 503, 418, 381, 326, 315, 170, 128, 68,  }
CLUSTER-88 {4866, 4859, 4751, 4719, 4645, 4571, 4380, 4343, 4313, 4305, 4045, 4043, 4012, 3990, 3878, 3847, 3699, 3667, 3582, 3447, 3370, 3362, 3289, 3265, 3003, 2965, 2830, 2769, 2440, 2199, 2195, 2117, 1933, 1801, 1779, 1710, 1353, 1227, 1111, 1072, 1012, 931, 831, 437,  }
CLUSTER-89 {4868, 4666, 4286, 4268, 4261, 4212, 4079, 4070, 3590, 3401, 3398, 3371, 3088, 2739, 2193, 1802, 1719, 1488, 1356, 1299, 1078, 1010, 829, 736, 604, 73, 69,  }
CLUSTER-90 { }
CLUSTER-91 {4773, 4730, 4686, 4583, 4582, 4251, 4151, 4146, 4138, 4114, 4108, 4089, 4052, 4040, 3357, 3316, 3177, 3169, 2975, 2862, 2676, 2634, 2540, 2472, 2435, 2332, 2313, 2230, 2202, 2185, 2033, 1936, 1833, 1773, 1766, 1170, 1076, 835, 680, 667, 637, 627, 584, 487, 447, 428, 382, 374, 356, 338, 319, 216,  }
CLUSTER-92 {4962, 4262, 4080, 4004, 3927, 3788, 3553, 3279, 3204, 3115, 2834, 2756, 2600, 2368, 2342, 2282, 1980, 1928, 1700, 1510, 1349, 1239, 1211, 1151, 1149, 1096, 972, 938, 558, 406, 272, 195, 176, 60,  }
CLUSTER-93 {4905, 4633, 4206, 4042, 4015, 3850, 3830, 3238, 3056, 2707, 2526, 2446, 2375, 2260, 2246, 2235, 1885, 1819, 1793, 1720, 1676, 1660, 1656, 1433, 1287, 681, 629, 472, 271,  }
CLUSTER-94 {4948, 4907, 4906, 4903, 4898, 4888, 4850, 4697, 4668, 4636, 4596, 4548, 4462, 4440, 4432, 4425, 4422, 4358, 4241, 4214, 4204, 4175, 4171, 4119, 4087, 4082, 4054, 4041, 4011, 3974, 3890, 3855, 3775, 3769, 3768, 3724, 3702, 3697, 3685, 3611, 3562, 3523, 3517, 3516, 3489, 3468, 3457, 3450, 3394, 3359, 3333, 3328, 3250, 3234, 3182, 3170, 3161, 3145, 3074, 3035, 2984, 2947, 2887, 2853, 2826, 2822, 2808, 2793, 2778, 2683, 2626, 2553, 2509, 2478, 2407, 2341, 2297, 2276, 2248, 2216, 2198, 2183, 2135, 2122, 2115, 2092, 2080, 2022, 1944, 1912, 1851, 1830, 1787, 1744, 1715, 1631, 1630, 1520, 1438, 1434, 1430, 1420, 1419, 1411, 1403, 1398, 1383, 1372, 1368, 1330, 1295, 1289, 1270, 1256, 1217, 1152, 1053, 1021, 1016, 1002, 988, 974, 891, 882, 878, 864, 833, 805, 797, 739, 735, 697, 657, 623, 527, 490, 470, 439, 395, 394, 393, 355, 339, 245, 207, 202, 111, 106, 17,  }
CLUSTER-95 {4943, 4870, 4838, 4699, 4574, 4513, 4219, 3994, 3913, 3708, 3377, 3309, 3286, 3143, 3137, 3093, 2645, 2506, 2455, 2196, 2044, 1777, 1726, 1714, 1374, 1293, 970, 932, 858, 655, 494, 471, 145, 90,  }
CLUSTER-96 {4938, 4884, 4847, 4190, 3912, 3746, 3732, 3578, 3513, 3181, 3034, 2865, 2823, 2416, 1999, 1742, 1405, 898, 726, 580, 429, 335,  }
CLUSTER-97 {4818, 4793, 4323, 3605, 3471, 3433, 3430, 3391, 3312, 3015, 2945, 2836, 2714, 2636, 2400, 1888, 1852, 1789, 1774, 1526, 1339, 1285, 1183, 969, 883, 524, 275, 104,  }
CLUSTER-98 {4941, 4886, 4726, 4684, 4612, 4270, 4159, 3794, 3753, 3625, 3552, 3397, 3323, 2403, 2254, 2009, 1669, 1659, 1568, 814, 721, 367, 362,  }
CLUSTER-99 {4942, 4843, 4830, 4707, 4659, 4517, 4499, 4351, 4266, 4244, 4218, 3992, 3960, 3843, 3754, 3728, 3693, 3609, 3546, 3461, 3335, 3278, 3190, 3188, 3066, 2973, 2925, 2837, 2710, 2708, 2671, 2603, 2279, 2215, 2074, 1977, 1917, 1844, 1814, 1767, 1762, 1688, 1515, 1393, 1373, 1158, 995, 994, 956, 897, 819, 780, 723, 682, 588, 379, 332, 190, 89,  }
